3085 3287 1756
211 241 119
848 1191 514
600 692 371
612 722 294
1075 1341 638
241 374 152
795 997 489
829 1037 504
850 1188 595
1822 2305 1119
947 1146 595
1556 1788 902
1544 1957 1050
718 1030 472
1422 1972 869
689 1008 455
681 875 352
848 1191 514
856 1142 510
1044 1586 665
612 873 419
583 809 381
1190 1432 770
967 1052 573
937 1138 526
1049 1054 680
378 506 223
800 1113 512
556 909 383
686 902 453
920 1289 558
932 1159 552
880 1120 515
921 1091 524
649 800 423
651 796 414
485 708 359
829 958 522
764 851 464
705 823 444
552 660 323
695 845 435
802 1115 571
757 937 493
918 1091 603
524 820 338
669 870 467
1067 1333 829
453 585 264
576 768 376
792 848 570
630 728 432
1125 1316 539
505 637 318
736 936 411
1188 1432 724
615 968 354
708 787 420
1094 1273 679
1021 1219 698
1221 1345 665
908 1034 552
883 1203 571
1423 1763 942
613 824 392
1574 1796 1155
778 1074 528
1188 1385 654
718 1030 472
384 559 264
948 1160 563
607 699 377
1075 1341 638
529 796 309
