254 230 130
478 472 263
861 867 482
656 653 376
270 224 145
460 385 249
522 403 299
461 455 297
418 427 249
538 417 291
477 416 273
516 458 282
200 204 130
556 515 332
421 387 218
387 360 229
375 427 221
498 468 277
500 529 290
422 392 243
432 367 232
238 229 130
305 283 166
430 405 253
1514 1571 923
530 427 334
429 396 249
271 225 157
396 357 229
465 380 245
673 619 408
645 567 352
535 529 288
471 440 247
358 407 217
635 612 357
497 477 276
523 506 300
452 413 238
527 437 266
425 347 217
669 620 374
571 527 285
451 381 225
547 484 305
337 325 199
1758 1427 1158
580 491 311
624 522 434
699 560 397
740 595 397
1428 1225 917
980 839 556
468 484 264
431 371 211
474 440 275
429 457 302
565 519 281
411 387 184
339 363 177
468 542 295
427 417 228
327 307 197
237 232 150
251 254 157
220 213 113
173 205 98
398 432 274
256 240 156
513 536 336
462 401 260
