926 785 611
974 870 647
1830 1917 1298
3411 3651 2158
2122 2428 1571
2865 2960 2051
2991 3343 1980
4165 4330 2663
2904 3013 1843
2495 2765 1812
6235 6756 4187
2351 2785 1802
216 221 154
2372 2386 1662
3013 3104 1979
5533 5764 3733
1595 1741 1194
2336 2684 1707
2537 2781 1792
1469 1525 1061
2633 2586 1713
1709 1898 1210
1331 1441 629
159 152 107
1640 1738 1167
2243 2562 1613
3942 4290 3148
1888 2035 1169
1929 2202 1268
3503 3864 2328
1964 2067 1342
1154 1267 896
2349 2675 1548
2809 2982 2003
218 214 150
1193 1142 706
1115 1007 716
2649 2653 1891
1847 1895 1505
1321 1460 899
1334 1458 845
512 666 406
1340 1339 1064
3406 3718 2300
1490 1722 1124
1890 1467 1059
1567 1679 1152
996 1143 697
1323 1521 951
960 1112 663
1970 2014 1310
1868 2164 1201
1344 1497 905
5420 5381 3674
1066 1122 677
1220 1111 666
397 499 254
1860 1896 1069
2829 2998 1985
1628 1689 1061
1495 1437 1019
873 943 606
737 837 461
597 660 481
998 1049 648
1866 1800 1229
1493 1570 1087
263 269 156
1643 1874 1182
828 954 518
267 301 163
880 767 517
256 293 150
244 272 146
245 243 169
272 252 176
